labels 1 0
0.00000 0.346208 0.653792
0.00000 0.00137774 0.998622
0.00000 1.16070e-09 1.00000
0.00000 0.0710403 0.928960
0.00000 0.272971 0.727029
0.00000 0.0141198 0.985880
0.00000 0.0195278 0.980472
0.00000 0.252908 0.747092
0.00000 0.00124541 0.998755
0.00000 0.00273107 0.997269
0.00000 0.0590753 0.940925
0.00000 0.0244259 0.975574
0.00000 0.0577218 0.942278
0.00000 0.0544651 0.945535
0.00000 0.0206144 0.979386
0.00000 0.00190144 0.998099
0.00000 0.0770766 0.922923
0.00000 0.00963506 0.990365
0.00000 0.0359284 0.964072
0.00000 0.439112 0.560888
0.00000 0.000243093 0.999757
0.00000 0.000523154 0.999477
0.00000 0.00792337 0.992077
0.00000 0.0896125 0.910387
0.00000 0.000346658 0.999653
0.00000 0.000671799 0.999328
1.00000 0.552278 0.447722
0.00000 0.106568 0.893432
0.00000 0.00273183 0.997268
0.00000 0.0853592 0.914641
0.00000 0.247603 0.752397
0.00000 5.36573e-05 0.999946
0.00000 2.48900e-05 0.999975
0.00000 0.265190 0.734810
0.00000 0.00106089 0.998939
0.00000 0.0422436 0.957756
0.00000 1.45410e-05 0.999985
0.00000 0.0126152 0.987385
0.00000 0.000534630 0.999465
0.00000 0.00517681 0.994823
0.00000 0.0803346 0.919665
0.00000 0.00320193 0.996798
0.00000 0.000157478 0.999843
0.00000 0.0384901 0.961510
0.00000 0.0199155 0.980085
0.00000 1.03020e-13 1.00000
0.00000 0.000574818 0.999425
0.00000 0.00982884 0.990171
0.00000 0.00760071 0.992399
0.00000 0.0112631 0.988737
0.00000 0.00375833 0.996242
0.00000 0.00205505 0.997945
0.00000 0.000371682 0.999628
0.00000 0.0318288 0.968171
0.00000 0.130015 0.869985
0.00000 0.0920113 0.907989
0.00000 0.00411903 0.995881
0.00000 0.0540673 0.945933
0.00000 9.74788e-07 0.999999
0.00000 0.000461040 0.999539
0.00000 0.0704115 0.929588
0.00000 0.00150364 0.998496
0.00000 0.00266179 0.997338
0.00000 0.00250163 0.997498
0.00000 0.00409073 0.995909
0.00000 0.0435876 0.956412
0.00000 0.0798601 0.920140
0.00000 4.66848e-18 1.00000
0.00000 0.00203824 0.997962
0.00000 0.428393 0.571607
0.00000 5.92321e-08 1.00000
0.00000 0.0397990 0.960201
0.00000 0.0398424 0.960158
0.00000 0.000170164 0.999830
0.00000 0.0942241 0.905776
0.00000 0.0165567 0.983443
0.00000 0.00227151 0.997728
0.00000 0.00585480 0.994145
0.00000 0.0686216 0.931378
0.00000 0.0161114 0.983889
0.00000 0.00174544 0.998255
0.00000 0.116771 0.883229
0.00000 0.000140398 0.999860
0.00000 1.19346e-06 0.999999
0.00000 0.403885 0.596115
0.00000 0.0516923 0.948308
0.00000 0.104586 0.895414
0.00000 0.0658539 0.934146
0.00000 0.0699579 0.930042
0.00000 0.154065 0.845935
0.00000 0.0342193 0.965781
0.00000 0.00570759 0.994292
0.00000 0.0193736 0.980626
0.00000 0.00949268 0.990507
0.00000 0.267791 0.732209
0.00000 0.0835536 0.916446
0.00000 0.0274274 0.972573
0.00000 0.00220594 0.997794
0.00000 0.000773781 0.999226
0.00000 0.000630212 0.999370
0.00000 0.0452737 0.954726
0.00000 2.34966e-05 0.999977
0.00000 0.000106968 0.999893
0.00000 0.0230727 0.976927
0.00000 0.0386613 0.961339
0.00000 0.0338508 0.966149
0.00000 0.0423145 0.957685
0.00000 0.0305625 0.969438
0.00000 0.00998299 0.990017
0.00000 3.32448e-06 0.999997
0.00000 0.0753192 0.924681
0.00000 0.0452737 0.954726
0.00000 6.57242e-05 0.999934
0.00000 0.00114253 0.998857
0.00000 0.00286008 0.997140
0.00000 0.000434157 0.999566
0.00000 0.0295950 0.970405
0.00000 0.00127246 0.998728
0.00000 0.0305672 0.969433
0.00000 0.0434644 0.956536
0.00000 8.18697e-07 0.999999
0.00000 0.00154952 0.998450
0.00000 0.0101361 0.989864
0.00000 3.63193e-07 1.00000
0.00000 0.0288013 0.971199
0.00000 0.0341012 0.965899
0.00000 0.00307945 0.996921
0.00000 0.00156403 0.998436
0.00000 0.00789149 0.992109
0.00000 2.58661e-06 0.999997
0.00000 0.0657976 0.934202
0.00000 0.0931676 0.906832
0.00000 0.0537579 0.946242
0.00000 0.0184882 0.981512
1.00000 0.672463 0.327537
0.00000 0.00125956 0.998740
0.00000 0.0311348 0.968865
0.00000 0.195779 0.804221
0.00000 0.301886 0.698114
0.00000 4.21892e-08 1.00000
0.00000 0.0692806 0.930719
0.00000 0.0711058 0.928894
0.00000 0.0171670 0.982833
0.00000 0.151209 0.848791
0.00000 0.0295291 0.970471
0.00000 0.00268034 0.997320
0.00000 1.49444e-05 0.999985
0.00000 0.000149386 0.999851
0.00000 0.0421724 0.957828
0.00000 0.0778346 0.922165
0.00000 0.168370 0.831630
0.00000 0.00122815 0.998772
0.00000 0.0268314 0.973169
1.00000 0.736370 0.263630
0.00000 0.0405360 0.959464
0.00000 4.00024e-05 0.999960
0.00000 0.00943543 0.990565
0.00000 0.0310122 0.968988
0.00000 0.0153282 0.984672
0.00000 0.129903 0.870097
0.00000 4.85538e-06 0.999995
0.00000 0.218384 0.781616
0.00000 0.177241 0.822759
0.00000 0.0771934 0.922807
0.00000 0.00972942 0.990271
0.00000 0.297848 0.702152
0.00000 0.353509 0.646491
0.00000 0.00605147 0.993949
0.00000 0.00130621 0.998694
0.00000 0.0130350 0.986965
0.00000 0.135351 0.864649
0.00000 0.0305873 0.969413
0.00000 0.0297955 0.970204
0.00000 0.0489843 0.951016
0.00000 0.0517019 0.948298
0.00000 0.0339530 0.966047
0.00000 0.0244388 0.975561
1.00000 0.600922 0.399078
0.00000 0.0138975 0.986102
0.00000 0.183329 0.816671
0.00000 0.261568 0.738432
0.00000 0.0254863 0.974514
0.00000 0.0970219 0.902978
0.00000 0.444997 0.555003
0.00000 0.0295638 0.970436
0.00000 0.0134215 0.986579
0.00000 0.0596574 0.940343
0.00000 0.0642123 0.935788
0.00000 1.04532e-05 0.999990
0.00000 0.293405 0.706595
0.00000 0.331671 0.668329
0.00000 0.0636210 0.936379
0.00000 0.0965023 0.903498
0.00000 0.0720466 0.927953
0.00000 0.206719 0.793281
0.00000 2.18453e-06 0.999998
0.00000 8.36592e-06 0.999992
0.00000 0.000729915 0.999270
0.00000 0.00417734 0.995823
0.00000 0.0830836 0.916916
0.00000 0.0609781 0.939022
0.00000 0.00144476 0.998555
0.00000 0.000457988 0.999542
0.00000 0.0632426 0.936757
0.00000 0.0184787 0.981521
0.00000 0.303493 0.696507
0.00000 3.38876e-05 0.999966
0.00000 0.000539573 0.999460
0.00000 0.00255578 0.997444
0.00000 0.0414398 0.958560
0.00000 0.0414848 0.958515
0.00000 0.00243757 0.997562
0.00000 0.000217389 0.999783
0.00000 0.132806 0.867194
0.00000 2.78919e-05 0.999972
0.00000 0.0920296 0.907970
0.00000 0.0865718 0.913428
0.00000 0.384426 0.615574
0.00000 8.36592e-06 0.999992
0.00000 0.0692148 0.930785
0.00000 0.0139229 0.986077
0.00000 0.238150 0.761850
0.00000 0.0552582 0.944742
0.00000 0.0290191 0.970981
0.00000 0.00211646 0.997884
0.00000 0.000356907 0.999643
0.00000 0.00572017 0.994280
0.00000 0.0762144 0.923786
0.00000 0.000538315 0.999462
0.00000 0.00420430 0.995796
0.00000 0.0702710 0.929729
0.00000 0.0624423 0.937558
0.00000 1.33408e-09 1.00000
0.00000 0.261055 0.738945
0.00000 0.00485651 0.995143
0.00000 0.00364343 0.996357
1.00000 0.528554 0.471446
0.00000 0.120059 0.879941
0.00000 0.0224476 0.977552
0.00000 0.0698985 0.930102
0.00000 0.0748582 0.925142
0.00000 0.0293155 0.970685
0.00000 8.11527e-20 1.00000
0.00000 0.000221082 0.999779
0.00000 0.0563498 0.943650
0.00000 0.000292914 0.999707
0.00000 0.372979 0.627021
0.00000 0.00220835 0.997792
0.00000 0.0282364 0.971764
0.00000 0.000291551 0.999708
0.00000 0.0416720 0.958328
0.00000 0.426753 0.573247
0.00000 0.0360130 0.963987
0.00000 0.0151702 0.984830
0.00000 0.0219927 0.978007
1.00000 0.726596 0.273404
0.00000 0.000338213 0.999662
0.00000 0.000216420 0.999784
0.00000 2.02615e-08 1.00000
0.00000 0.00579363 0.994206
0.00000 0.0112707 0.988729
0.00000 0.0351284 0.964872
0.00000 6.15578e-05 0.999938
0.00000 0.0407134 0.959287
0.00000 0.0449041 0.955096
0.00000 0.0453198 0.954680
0.00000 0.0629970 0.937003
0.00000 0.0171783 0.982822
0.00000 0.0317108 0.968289
0.00000 0.0698045 0.930195
0.00000 0.00263265 0.997367
0.00000 0.130007 0.869993
0.00000 0.000313547 0.999686
0.00000 0.00888314 0.991117
0.00000 0.0526765 0.947323
0.00000 0.0108065 0.989194
0.00000 0.000186520 0.999813
0.00000 0.00117776 0.998822
0.00000 0.0168109 0.983189
0.00000 0.0429124 0.957088
0.00000 1.84192e-21 1.00000
0.00000 0.0740474 0.925953
0.00000 0.0318155 0.968184
0.00000 0.0203518 0.979648
0.00000 0.0321353 0.967865
0.00000 0.0306632 0.969337
0.00000 0.0314919 0.968508
0.00000 0.0580325 0.941968
0.00000 0.163855 0.836145
0.00000 0.000461371 0.999539
0.00000 0.0258288 0.974171
0.00000 0.00238480 0.997615
0.00000 0.000373089 0.999627
0.00000 0.0179136 0.982086
0.00000 0.00460107 0.995399
0.00000 0.000238403 0.999762
0.00000 0.0171224 0.982878
0.00000 0.0490830 0.950917
0.00000 0.0611257 0.938874
0.00000 0.0282694 0.971731
0.00000 0.0339403 0.966060
0.00000 0.0526464 0.947354
0.00000 0.0126556 0.987344
0.00000 0.271817 0.728183
0.00000 0.000328265 0.999672
0.00000 0.0145569 0.985443
0.00000 0.000112087 0.999888
0.00000 0.000231443 0.999769
0.00000 0.000189243 0.999811
0.00000 0.0165524 0.983448
0.00000 0.0222688 0.977731
0.00000 0.0206102 0.979390
0.00000 1.55166e-07 1.00000
0.00000 0.236163 0.763837
0.00000 0.00851894 0.991481
0.00000 0.00276312 0.997237
0.00000 0.000711152 0.999289
0.00000 0.0365366 0.963463
0.00000 0.0179868 0.982013
0.00000 0.00544524 0.994555
0.00000 0.167778 0.832222
0.00000 0.00938399 0.990616
0.00000 0.0850807 0.914919
0.00000 0.000312954 0.999687
0.00000 0.0362234 0.963777
0.00000 0.0678206 0.932179
0.00000 0.0191574 0.980843
0.00000 0.0129249 0.987075
0.00000 0.219599 0.780401
0.00000 0.308305 0.691695
0.00000 0.376201 0.623799
0.00000 3.35110e-05 0.999966
0.00000 0.000491405 0.999509
0.00000 0.00246822 0.997532
0.00000 0.0288797 0.971120
0.00000 0.0190189 0.980981
0.00000 0.284015 0.715985
0.00000 0.0425802 0.957420
0.00000 0.0426265 0.957374
0.00000 0.222996 0.777004
0.00000 0.428847 0.571153
0.00000 0.172689 0.827311
0.00000 0.0459828 0.954017
0.00000 6.95386e-06 0.999993
0.00000 0.0190973 0.980903
0.00000 0.0175897 0.982410
0.00000 0.000211127 0.999789
0.00000 0.00317448 0.996826
0.00000 0.126212 0.873788
0.00000 0.000387893 0.999612
0.00000 9.71239e-08 1.00000
0.00000 1.34651e-16 1.00000
0.00000 0.0549736 0.945026
0.00000 0.491607 0.508393
0.00000 0.0136702 0.986330
0.00000 0.00201825 0.997982
0.00000 0.00102848 0.998972
0.00000 0.000509718 0.999490
0.00000 0.000714259 0.999286
0.00000 0.0828569 0.917143
0.00000 0.0137385 0.986261
0.00000 0.0425269 0.957473
0.00000 1.44489e-11 1.00000
0.00000 0.000177009 0.999823
0.00000 0.00964591 0.990354
0.00000 4.15683e-05 0.999958
0.00000 0.000148336 0.999852
0.00000 0.459536 0.540464
0.00000 0.000300680 0.999699
0.00000 0.107291 0.892709
0.00000 0.0169211 0.983079
1.00000 0.669920 0.330080
0.00000 0.0149049 0.985095
0.00000 0.0773139 0.922686
0.00000 0.0955584 0.904442
0.00000 0.175784 0.824216
0.00000 0.000425495 0.999575
0.00000 0.0387364 0.961264
0.00000 0.0122635 0.987736
0.00000 0.0440072 0.955993
0.00000 0.328341 0.671659
0.00000 0.00448362 0.995516
0.00000 0.103043 0.896957
0.00000 0.0212636 0.978736
0.00000 0.00284714 0.997153
0.00000 0.00781996 0.992180
0.00000 0.000677344 0.999323
0.00000 0.0368375 0.963163
0.00000 0.0243476 0.975652
0.00000 0.482839 0.517161
0.00000 0.328230 0.671770
0.00000 0.00718797 0.992812
0.00000 6.75768e-06 0.999993
0.00000 0.0359760 0.964024
0.00000 0.000406528 0.999593
0.00000 0.0462804 0.953720
0.00000 0.0355637 0.964436
0.00000 0.0606924 0.939308
0.00000 0.162230 0.837770
0.00000 0.00419913 0.995801
0.00000 0.00262697 0.997373
0.00000 6.15102e-16 1.00000
0.00000 9.39024e-05 0.999906
0.00000 0.00949171 0.990508
0.00000 0.00693479 0.993065
0.00000 4.56113e-05 0.999954
0.00000 0.0481315 0.951869
0.00000 0.0481835 0.951817
1.00000 0.708038 0.291962
0.00000 6.42793e-10 1.00000
0.00000 0.00157524 0.998425
0.00000 0.195926 0.804074
0.00000 6.74606e-05 0.999933
0.00000 0.00531602 0.994684
0.00000 0.000522329 0.999478
0.00000 7.51942e-06 0.999992
0.00000 4.25539e-05 0.999957
1.00000 0.580773 0.419227
0.00000 0.000119208 0.999881
0.00000 0.0141570 0.985843
1.00000 0.569227 0.430773
0.00000 0.0611220 0.938878
0.00000 0.0556335 0.944367
0.00000 0.00156441 0.998436
0.00000 9.83926e-05 0.999902
0.00000 0.226765 0.773235
0.00000 0.000355420 0.999645
0.00000 0.192535 0.807465
0.00000 0.203366 0.796634
0.00000 0.0446984 0.955302
0.00000 0.000295670 0.999704
0.00000 0.0246458 0.975354
0.00000 0.0770099 0.922990
0.00000 0.000708029 0.999292
0.00000 0.0109075 0.989093
0.00000 0.0933395 0.906660
0.00000 0.0823959 0.917604
0.00000 0.0231058 0.976894
0.00000 0.0243754 0.975625
0.00000 0.0283171 0.971683
0.00000 2.79969e-05 0.999972
0.00000 7.90748e-08 1.00000
0.00000 0.000570238 0.999430
0.00000 0.0367347 0.963265
0.00000 0.0462245 0.953776
0.00000 0.0376919 0.962308
0.00000 0.0310893 0.968911
0.00000 0.0457685 0.954232
0.00000 0.0314363 0.968564
0.00000 5.55597e-05 0.999944
0.00000 0.000869124 0.999131
0.00000 0.263250 0.736750
0.00000 0.000204139 0.999796
0.00000 0.0619618 0.938038
0.00000 0.491153 0.508847
0.00000 0.117326 0.882674
0.00000 0.000776771 0.999223
0.00000 6.07319e-05 0.999939
0.00000 0.00236401 0.997636
0.00000 0.00121460 0.998785
0.00000 8.53883e-06 0.999991
0.00000 0.307364 0.692636
0.00000 0.0278722 0.972128
0.00000 8.08722e-05 0.999919
0.00000 0.000705151 0.999295
0.00000 0.0386390 0.961361
0.00000 0.0226653 0.977335
0.00000 0.000139255 0.999861
0.00000 0.0195198 0.980480
0.00000 0.0466456 0.953354
0.00000 0.285558 0.714442
0.00000 0.000188075 0.999812
0.00000 0.00364203 0.996358
0.00000 0.0129709 0.987029
0.00000 0.0340246 0.965975
0.00000 0.000684902 0.999315
0.00000 1.86890e-05 0.999981
0.00000 0.0901282 0.909872
0.00000 0.0283977 0.971602
0.00000 0.0302312 0.969769
0.00000 9.91275e-05 0.999901
0.00000 1.18039e-05 0.999988
0.00000 0.000176093 0.999824
0.00000 0.00394245 0.996058
0.00000 0.00148462 0.998515
0.00000 0.302023 0.697977
0.00000 0.306037 0.693963
0.00000 0.00364902 0.996351
0.00000 0.0834593 0.916541
0.00000 0.0435222 0.956478
1.00000 0.647535 0.352465
0.00000 0.00207930 0.997921
0.00000 0.144481 0.855519
0.00000 0.144481 0.855519
0.00000 0.0170368 0.982963
0.00000 0.000177387 0.999823
1.00000 0.684245 0.315755
0.00000 0.260461 0.739539
0.00000 0.000518320 0.999482
0.00000 0.00583555 0.994164
0.00000 3.27109e-07 1.00000
0.00000 0.0514922 0.948508
0.00000 0.0363482 0.963652
0.00000 2.68002e-06 0.999997
0.00000 0.285842 0.714158
0.00000 0.000766128 0.999234
0.00000 3.82357e-05 0.999962
0.00000 0.350022 0.649978
0.00000 0.000319800 0.999680
0.00000 6.87603e-05 0.999931
0.00000 0.0753319 0.924668
0.00000 0.222267 0.777733
0.00000 0.0347516 0.965248
0.00000 0.000100139 0.999900
0.00000 0.00402661 0.995973
0.00000 0.463244 0.536756
0.00000 0.0476861 0.952314
0.00000 0.0206489 0.979351
0.00000 0.00115312 0.998847
0.00000 0.0265209 0.973479
0.00000 0.0864511 0.913549
0.00000 0.0797136 0.920286
0.00000 0.0239686 0.976031
0.00000 0.000561049 0.999439
0.00000 0.0424628 0.957537
0.00000 2.05485e-05 0.999979
0.00000 4.04617e-14 1.00000
0.00000 0.0464139 0.953586
0.00000 0.0464641 0.953536
0.00000 2.86120e-06 0.999997
0.00000 0.0211497 0.978850
0.00000 0.0400662 0.959934
0.00000 1.24697e-08 1.00000
0.00000 0.361316 0.638684
0.00000 0.0410141 0.958986
0.00000 0.0748657 0.925134
0.00000 2.86120e-06 0.999997
0.00000 0.0125060 0.987494
1.00000 0.582657 0.417343
0.00000 0.418850 0.581150
1.00000 0.526864 0.473136
0.00000 0.226868 0.773132
0.00000 0.0932716 0.906728
0.00000 0.00103059 0.998969
0.00000 0.0209017 0.979098
0.00000 0.0243438 0.975656
0.00000 0.0106614 0.989339
0.00000 0.00330593 0.996694
0.00000 0.0292324 0.970768
0.00000 0.0367773 0.963223
0.00000 0.00408997 0.995910
0.00000 0.0192183 0.980782
0.00000 0.220735 0.779265
0.00000 0.00316992 0.996830
0.00000 0.0558613 0.944139
0.00000 0.132137 0.867863
0.00000 0.254139 0.745861
0.00000 0.224076 0.775924
0.00000 0.00436174 0.995638
0.00000 0.247411 0.752589
0.00000 0.00149734 0.998503
0.00000 0.240228 0.759772
0.00000 0.0536841 0.946316
0.00000 0.249711 0.750289
0.00000 0.000426644 0.999573
0.00000 0.00752976 0.992470
0.00000 0.00167508 0.998325
0.00000 0.000318080 0.999682
0.00000 0.152899 0.847101
0.00000 0.0533309 0.946669
0.00000 0.00659660 0.993403
0.00000 0.0178269 0.982173
0.00000 0.00291351 0.997086
0.00000 0.00157130 0.998429
0.00000 0.0391304 0.960870
0.00000 4.75436e-05 0.999952
0.00000 0.420687 0.579313
0.00000 0.165565 0.834435
0.00000 0.0802946 0.919705
0.00000 0.000569647 0.999430
0.00000 0.343619 0.656381
0.00000 0.000124787 0.999875
0.00000 0.124646 0.875354
0.00000 0.00304056 0.996959
0.00000 0.213330 0.786670
0.00000 0.238914 0.761086
0.00000 0.0951272 0.904873
0.00000 0.386198 0.613802
0.00000 0.00147678 0.998523
0.00000 0.202213 0.797787
0.00000 0.393626 0.606374
0.00000 0.0410778 0.958922
1.00000 0.750371 0.249629
0.00000 0.0223385 0.977662
0.00000 2.86120e-06 0.999997
0.00000 0.145795 0.854205
0.00000 0.00502287 0.994977
0.00000 0.0952361 0.904764
0.00000 0.0543260 0.945674
0.00000 0.00104128 0.998959
0.00000 4.00261e-05 0.999960
0.00000 0.0121137 0.987886
0.00000 0.0653202 0.934680
0.00000 9.42258e-06 0.999991
0.00000 0.00151798 0.998482
0.00000 0.226852 0.773148
0.00000 0.00192008 0.998080
1.00000 0.999166 0.000833947
0.00000 0.400089 0.599911
0.00000 7.09378e-06 0.999993
0.00000 0.000551877 0.999448
0.00000 0.417743 0.582257
0.00000 0.119092 0.880908
0.00000 0.0321225 0.967877
0.00000 0.0268725 0.973128
0.00000 0.264386 0.735614
0.00000 0.000460549 0.999539
0.00000 0.130072 0.869928
0.00000 0.00107886 0.998921
0.00000 0.000437649 0.999562
0.00000 0.285145 0.714855
0.00000 0.00167961 0.998320
0.00000 0.287327 0.712673
0.00000 0.00996339 0.990037
0.00000 0.407374 0.592626
0.00000 0.0358937 0.964106
0.00000 4.76580e-07 1.00000
0.00000 0.102050 0.897950
0.00000 4.98906e-09 1.00000
0.00000 0.190020 0.809980
0.00000 0.00319731 0.996803
0.00000 0.0751507 0.924849
0.00000 0.0244962 0.975504
0.00000 0.0608516 0.939148
0.00000 0.0982522 0.901748
0.00000 7.23948e-05 0.999928
0.00000 0.0330633 0.966937
0.00000 0.0249798 0.975020
0.00000 0.0340381 0.965962
0.00000 0.100170 0.899830
0.00000 0.0351481 0.964852
0.00000 0.269610 0.730390
0.00000 0.173678 0.826322
0.00000 0.0241510 0.975849
0.00000 0.00343634 0.996564
0.00000 0.175198 0.824802
0.00000 9.29475e-05 0.999907
0.00000 0.0606095 0.939391
0.00000 0.000921842 0.999078
0.00000 0.00295408 0.997046
0.00000 0.00343146 0.996569
0.00000 0.109696 0.890304
0.00000 0.0104993 0.989501
0.00000 0.0824884 0.917512
0.00000 0.0812570 0.918743
0.00000 0.0973738 0.902626
0.00000 0.0677350 0.932265
0.00000 5.61232e-05 0.999944
0.00000 0.169480 0.830520
0.00000 0.000651185 0.999349
0.00000 0.0238604 0.976140
0.00000 0.0389987 0.961001
0.00000 0.0284470 0.971553
0.00000 0.0165103 0.983490
0.00000 0.122099 0.877901
0.00000 0.0760806 0.923919
0.00000 0.0845339 0.915466
0.00000 0.163460 0.836540
0.00000 0.187556 0.812444
0.00000 0.000139895 0.999860
0.00000 0.0701238 0.929876
0.00000 0.146949 0.853051
0.00000 0.0285403 0.971460
0.00000 0.338369 0.661631
0.00000 0.0535834 0.946417
0.00000 0.277537 0.722463
0.00000 0.0966542 0.903346
0.00000 0.00271323 0.997287
0.00000 0.158304 0.841696
0.00000 0.395008 0.604992
0.00000 0.000177470 0.999823
0.00000 0.0185970 0.981403
0.00000 0.0381493 0.961851
1.00000 0.629630 0.370370
0.00000 0.0236499 0.976350
0.00000 0.103501 0.896499
0.00000 0.0355722 0.964428
0.00000 0.0494065 0.950593
0.00000 0.000789523 0.999210
0.00000 0.00477950 0.995221
0.00000 0.0358331 0.964167
0.00000 0.00989028 0.990110
0.00000 0.000334040 0.999666
0.00000 0.00355876 0.996441
0.00000 3.21249e-14 1.00000
0.00000 0.116936 0.883064
0.00000 5.17428e-05 0.999948
0.00000 0.00243118 0.997569
0.00000 4.71688e-05 0.999953
0.00000 0.102863 0.897137
0.00000 0.000205948 0.999794
0.00000 0.0120526 0.987947
0.00000 0.00321472 0.996785
0.00000 0.00112718 0.998873
0.00000 0.0488799 0.951120
0.00000 0.0489326 0.951067
0.00000 6.93205e-05 0.999931
0.00000 0.00940941 0.990591
0.00000 0.0828963 0.917104
0.00000 0.138452 0.861548
0.00000 0.238748 0.761252
0.00000 2.33858e-05 0.999977
0.00000 6.59958e-06 0.999993
0.00000 0.0712912 0.928709
0.00000 1.92530e-11 1.00000
0.00000 0.0345701 0.965430
0.00000 0.000130227 0.999870
0.00000 0.00627944 0.993721
0.00000 0.178255 0.821745
0.00000 0.0295277 0.970472
0.00000 0.0341791 0.965821
0.00000 2.94736e-09 1.00000
0.00000 0.176227 0.823773
0.00000 0.0120179 0.987982
0.00000 0.245537 0.754463
0.00000 0.000491498 0.999509
0.00000 0.134091 0.865909
0.00000 0.0332712 0.966729
0.00000 0.0688739 0.931126
0.00000 1.18103e-11 1.00000
0.00000 4.37810e-19 1.00000
0.00000 0.0556169 0.944383
0.00000 7.62859e-06 0.999992
0.00000 0.0760342 0.923966
0.00000 0.0304769 0.969523
0.00000 0.317031 0.682969
0.00000 0.0131703 0.986830
0.00000 0.494538 0.505462
0.00000 8.45606e-06 0.999992
0.00000 0.00842545 0.991575
0.00000 0.168893 0.831107
0.00000 0.137377 0.862623
0.00000 0.0560596 0.943940
0.00000 0.323906 0.676094
0.00000 0.000311403 0.999689
0.00000 0.000311403 0.999689
0.00000 0.0152140 0.984786
0.00000 0.0657412 0.934259
0.00000 0.0796713 0.920329
0.00000 0.00322384 0.996776
0.00000 0.0924801 0.907520
0.00000 0.00706196 0.992938
0.00000 0.0908016 0.909198
1.00000 0.521191 0.478809
0.00000 1.11298e-05 0.999989
0.00000 0.0834325 0.916568
0.00000 2.67053e-07 1.00000
0.00000 0.0739416 0.926058
0.00000 0.302684 0.697316
0.00000 0.0151799 0.984820
0.00000 0.0176498 0.982350
0.00000 0.0120816 0.987918
0.00000 4.03869e-08 1.00000
0.00000 0.0182920 0.981708
0.00000 0.373868 0.626132
0.00000 0.00240269 0.997597
0.00000 0.0212212 0.978779
0.00000 0.00210089 0.997899
0.00000 0.257319 0.742681
0.00000 0.191767 0.808233
0.00000 0.000188854 0.999811
1.00000 0.623973 0.376027
0.00000 0.00506807 0.994932
0.00000 0.180000 0.820000
0.00000 0.0282622 0.971738
0.00000 0.0221527 0.977847
0.00000 0.0770663 0.922934
0.00000 0.00251062 0.997489
0.00000 0.0171365 0.982864
0.00000 0.000238586 0.999761
0.00000 0.00781754 0.992182
1.00000 0.934447 0.0655533
0.00000 0.0482907 0.951709
0.00000 0.0163301 0.983670
0.00000 0.0358949 0.964105
0.00000 0.0382380 0.961762
0.00000 0.105278 0.894722
0.00000 0.0121268 0.987873
0.00000 0.0380211 0.961979
0.00000 0.00327497 0.996725
0.00000 4.89157e-08 1.00000
0.00000 0.00142445 0.998576
0.00000 8.85624e-05 0.999911
0.00000 0.245691 0.754309
0.00000 0.000406021 0.999594
0.00000 0.337436 0.662564
0.00000 0.0501691 0.949831
0.00000 0.000728569 0.999271
0.00000 2.21673e-05 0.999978
1.00000 0.962662 0.0373384
0.00000 0.000660861 0.999339
0.00000 0.00526235 0.994738
1.00000 0.962662 0.0373384
0.00000 2.12351e-06 0.999998
0.00000 0.0109002 0.989100
0.00000 0.0685459 0.931454
0.00000 0.00671471 0.993285
0.00000 0.00403114 0.995969
0.00000 0.494857 0.505143
0.00000 0.0917508 0.908249
0.00000 0.102374 0.897626
0.00000 0.000161281 0.999839
0.00000 0.0383449 0.961655
0.00000 0.0383867 0.961613
0.00000 0.00858458 0.991415
0.00000 0.0519485 0.948052
0.00000 8.09996e-08 1.00000
0.00000 0.000452159 0.999548
0.00000 0.00454741 0.995453
0.00000 0.174143 0.825857
0.00000 0.257100 0.742900
0.00000 0.0340315 0.965968
0.00000 0.00399760 0.996002
0.00000 0.00132383 0.998676
0.00000 0.00107413 0.998926
0.00000 0.0760660 0.923934
0.00000 0.137490 0.862510
0.00000 0.000443817 0.999556
0.00000 0.0290129 0.970987
0.00000 0.0513670 0.948633
0.00000 0.000261396 0.999739
1.00000 0.813104 0.186896
0.00000 6.61384e-06 0.999993
0.00000 0.000249961 0.999750
0.00000 0.000670385 0.999330
0.00000 0.332108 0.667892
0.00000 0.0375025 0.962497
0.00000 0.0455072 0.954493
0.00000 0.0433838 0.956616
0.00000 0.0325766 0.967423
0.00000 0.0369268 0.963073
0.00000 0.000978508 0.999021
0.00000 0.000922068 0.999078
0.00000 0.440573 0.559427
0.00000 0.0830776 0.916922
0.00000 8.10924e-05 0.999919
0.00000 0.115292 0.884708
0.00000 0.0244225 0.975577
0.00000 1.24441e-22 1.00000
1.00000 0.710831 0.289169
0.00000 0.000214989 0.999785
0.00000 0.00187297 0.998127
0.00000 3.89021e-05 0.999961
0.00000 0.338129 0.661871
0.00000 0.0847444 0.915256
0.00000 0.0196960 0.980304
0.00000 0.176398 0.823602
0.00000 0.0260848 0.973915
0.00000 0.0157005 0.984300
0.00000 0.0802690 0.919731
0.00000 0.0790612 0.920939
0.00000 0.0901684 0.909832
0.00000 0.0816942 0.918306
0.00000 0.0885634 0.911437
0.00000 0.0833714 0.916629
0.00000 0.00441540 0.995585
0.00000 0.0887400 0.911260
0.00000 1.37377e-12 1.00000
0.00000 0.00175302 0.998247
0.00000 0.0874559 0.912544
0.00000 0.0371753 0.962825
0.00000 0.0149970 0.985003
0.00000 0.000962349 0.999038
0.00000 0.0690770 0.930923
0.00000 0.00112003 0.998880
0.00000 7.25115e-06 0.999993
1.00000 0.831935 0.168065
0.00000 0.00321698 0.996783
0.00000 0.360770 0.639230
0.00000 0.0175327 0.982467
0.00000 0.0105357 0.989464
0.00000 0.409263 0.590737
0.00000 0.177937 0.822063
0.00000 0.00835906 0.991641
0.00000 0.00646597 0.993534
0.00000 0.00130636 0.998694
0.00000 0.0368582 0.963142
0.00000 0.0318725 0.968127
0.00000 0.00137811 0.998622
0.00000 0.0190370 0.980963
0.00000 0.0405953 0.959405
0.00000 0.000489077 0.999511
0.00000 0.309210 0.690790
0.00000 0.00180715 0.998193
0.00000 0.0496654 0.950335
0.00000 0.229338 0.770662
0.00000 0.202233 0.797767
0.00000 0.0433700 0.956630
0.00000 0.0846465 0.915354
0.00000 3.11254e-07 1.00000
0.00000 0.494137 0.505863
0.00000 0.461751 0.538249
0.00000 0.139250 0.860750
0.00000 0.0232203 0.976780
0.00000 0.0192796 0.980720
0.00000 0.00158822 0.998412
0.00000 0.00989600 0.990104
0.00000 0.000375051 0.999625
0.00000 0.0705243 0.929476
0.00000 1.26801e-05 0.999987
1.00000 0.996988 0.00301243
0.00000 0.229193 0.770807
0.00000 0.0104921 0.989508
0.00000 0.00833951 0.991660
0.00000 0.0192724 0.980728
0.00000 0.315203 0.684797
0.00000 0.0397806 0.960219
0.00000 0.0185953 0.981405
0.00000 0.0363706 0.963629
0.00000 0.371749 0.628251
0.00000 0.113299 0.886701
0.00000 0.0433073 0.956693
0.00000 0.291517 0.708483
0.00000 0.259224 0.740776
0.00000 0.0219166 0.978083
0.00000 0.0334988 0.966501
0.00000 0.00628452 0.993715
0.00000 0.270592 0.729408
0.00000 0.0875762 0.912424
0.00000 0.0334702 0.966530
0.00000 0.0346123 0.965388
0.00000 0.000203020 0.999797
0.00000 0.0138596 0.986140
0.00000 0.00355826 0.996442
0.00000 0.00636246 0.993638
0.00000 0.0141686 0.985831
0.00000 0.000590029 0.999410
0.00000 8.41851e-08 1.00000
0.00000 0.00981892 0.990181
1.00000 0.698009 0.301991
0.00000 0.0148231 0.985177
0.00000 0.0111629 0.988837
0.00000 0.0189622 0.981038
0.00000 0.0841785 0.915821
0.00000 0.100580 0.899420
0.00000 0.00662994 0.993370
0.00000 4.10800e-22 1.00000
0.00000 0.227477 0.772523
0.00000 0.0820732 0.917927
0.00000 0.0857371 0.914263
0.00000 0.0453887 0.954611
0.00000 0.00571377 0.994286
0.00000 0.0316230 0.968377
0.00000 0.0262553 0.973745
0.00000 0.00135952 0.998640
0.00000 0.00253379 0.997466
0.00000 4.53167e-06 0.999995
0.00000 0.0399382 0.960062
0.00000 0.0129229 0.987077
0.00000 1.32669e-05 0.999987
0.00000 0.000212890 0.999787
0.00000 0.0391332 0.960867
0.00000 0.00730849 0.992692
0.00000 0.0609735 0.939026
0.00000 0.00243867 0.997561
0.00000 0.399594 0.600406
0.00000 0.129998 0.870002
0.00000 0.0521530 0.947847
0.00000 0.220230 0.779770
0.00000 0.0336622 0.966338
0.00000 0.0834273 0.916573
0.00000 0.0414561 0.958544
0.00000 0.00381696 0.996183
0.00000 0.127483 0.872517
0.00000 0.219224 0.780776
0.00000 0.0884516 0.911548
0.00000 0.0667504 0.933250
0.00000 3.81550e-06 0.999996
0.00000 0.118377 0.881623
0.00000 0.000128212 0.999872
0.00000 1.98998e-06 0.999998
0.00000 0.00684051 0.993159
0.00000 0.0268208 0.973179
0.00000 0.0376593 0.962341
0.00000 0.0377004 0.962300
0.00000 0.0126475 0.987353
0.00000 0.265866 0.734134
0.00000 0.315203 0.684797
0.00000 0.00500642 0.994994
0.00000 0.0883584 0.911642
0.00000 0.108330 0.891670
0.00000 0.490238 0.509762
0.00000 0.0523275 0.947673
0.00000 0.139880 0.860120
0.00000 0.0812916 0.918708
0.00000 0.0170742 0.982926
0.00000 0.0437785 0.956221
0.00000 0.0812916 0.918708
0.00000 0.0548396 0.945160
0.00000 0.000764393 0.999236
0.00000 0.133832 0.866168
0.00000 0.0348647 0.965135
0.00000 0.00409171 0.995908
0.00000 0.0820753 0.917925
0.00000 0.0481017 0.951898
0.00000 6.18779e-37 1.00000
0.00000 0.279770 0.720230
0.00000 0.00392010 0.996080
1.00000 0.561384 0.438616
0.00000 0.000347721 0.999652
0.00000 1.81156e-07 1.00000
0.00000 0.00280600 0.997194
0.00000 0.232631 0.767369
0.00000 0.221131 0.778869
0.00000 0.146610 0.853390
0.00000 0.268457 0.731543
0.00000 0.259243 0.740757
0.00000 0.253813 0.746187
0.00000 0.226885 0.773115
0.00000 0.307345 0.692655
0.00000 0.120414 0.879586
0.00000 0.155075 0.844925
0.00000 0.164453 0.835547
0.00000 0.140035 0.859965
0.00000 0.192800 0.807200
0.00000 0.216554 0.783446
0.00000 0.169322 0.830678
0.00000 0.301140 0.698860
0.00000 0.241731 0.758269
0.00000 0.152404 0.847596
0.00000 0.271484 0.728516
0.00000 0.188978 0.811022
0.00000 0.281766 0.718234
0.00000 0.272050 0.727950
0.00000 0.191178 0.808822
0.00000 0.190856 0.809144
0.00000 0.286139 0.713861
0.00000 0.249729 0.750271
0.00000 0.217405 0.782595
0.00000 0.256067 0.743933
0.00000 0.225424 0.774576
0.00000 0.248434 0.751566
0.00000 0.0553045 0.944696
0.00000 0.320303 0.679697
0.00000 0.187647 0.812353
0.00000 0.223504 0.776496
0.00000 0.335849 0.664151
0.00000 0.211201 0.788799
0.00000 0.294023 0.705977
0.00000 0.300185 0.699815
0.00000 0.218576 0.781424
0.00000 0.241006 0.758994
0.00000 0.245210 0.754790
0.00000 0.228262 0.771738
0.00000 0.277915 0.722085
0.00000 0.269287 0.730713
0.00000 0.219034 0.780966
0.00000 0.334110 0.665890
0.00000 0.216523 0.783477
0.00000 0.242217 0.757783
0.00000 0.168517 0.831483
0.00000 0.142162 0.857838
0.00000 0.205246 0.794754
0.00000 0.255889 0.744111
0.00000 0.260333 0.739667
0.00000 0.198821 0.801179
0.00000 0.355362 0.644638
0.00000 0.345849 0.654151
0.00000 0.242983 0.757017
1.00000 0.993741 0.00625943
0.00000 0.259667 0.740333
0.00000 0.286272 0.713728
0.00000 0.227518 0.772482
0.00000 0.179606 0.820394
0.00000 0.00830052 0.991699
0.00000 0.224187 0.775813
0.00000 0.131465 0.868535
0.00000 0.278479 0.721521
0.00000 0.301628 0.698372
0.00000 0.0711247 0.928875
0.00000 0.187590 0.812410
0.00000 0.351423 0.648577
0.00000 0.0822261 0.917774
0.00000 0.0150808 0.984919
1.00000 0.641416 0.358584
1.00000 0.629337 0.370663
1.00000 0.629337 0.370663
1.00000 0.631530 0.368470
0.00000 0.0445415 0.955458
1.00000 0.513385 0.486615
0.00000 0.0415456 0.958454
0.00000 0.0683131 0.931687
1.00000 0.552919 0.447081
0.00000 0.0345597 0.965440
0.00000 0.000976873 0.999023
0.00000 0.232969 0.767031
0.00000 0.0363741 0.963626
0.00000 0.0363344 0.963666
0.00000 0.0748584 0.925142
0.00000 0.0884022 0.911598
0.00000 0.0585138 0.941486
1.00000 0.616293 0.383707
0.00000 0.253700 0.746300
0.00000 0.0843431 0.915657
0.00000 0.00243116 0.997569
0.00000 2.19007e-15 1.00000
1.00000 0.512412 0.487588
1.00000 0.645700 0.354300
1.00000 0.639034 0.360966
1.00000 0.541119 0.458881
1.00000 0.636871 0.363129
1.00000 0.644097 0.355903
0.00000 0.0361844 0.963816
0.00000 0.0856032 0.914397
0.00000 0.0135626 0.986437
0.00000 0.0533955 0.946605
0.00000 0.00571152 0.994288
0.00000 0.00329971 0.996700
0.00000 0.177677 0.822323
0.00000 0.00313958 0.996860
0.00000 0.0211288 0.978871
0.00000 0.0647591 0.935241
0.00000 0.0780391 0.921961
0.00000 0.0785363 0.921464
0.00000 0.0786276 0.921372
0.00000 0.105154 0.894846
0.00000 0.0159917 0.984008
0.00000 0.00149914 0.998501
0.00000 0.00970784 0.990292
0.00000 0.0129969 0.987003
0.00000 0.260554 0.739446
0.00000 0.172966 0.827034
0.00000 0.0689513 0.931049
0.00000 0.00598508 0.994015
0.00000 0.0360441 0.963956
0.00000 0.0360835 0.963917
0.00000 0.0470789 0.952921
1.00000 0.610649 0.389351
0.00000 0.0272498 0.972750
0.00000 0.269489 0.730511
1.00000 0.620943 0.379057
1.00000 0.620350 0.379650
1.00000 0.621516 0.378484
1.00000 0.522400 0.477600
0.00000 0.000167207 0.999833
0.00000 0.0438100 0.956190
0.00000 0.000276869 0.999723
0.00000 0.0120789 0.987921
0.00000 0.0132117 0.986788
0.00000 0.0484279 0.951572
0.00000 0.0218539 0.978146
0.00000 0.416568 0.583432
0.00000 0.0392003 0.960800
0.00000 0.413763 0.586237
0.00000 0.0567264 0.943274
0.00000 0.0132960 0.986704
0.00000 0.0458240 0.954176
0.00000 0.00630912 0.993691
0.00000 0.00699969 0.993000
0.00000 0.00602735 0.993973
0.00000 0.00429534 0.995705
0.00000 0.00276348 0.997237
0.00000 0.396711 0.603289
0.00000 0.00203926 0.997961
0.00000 0.0112374 0.988763
0.00000 0.0176813 0.982319
0.00000 0.0153494 0.984651
0.00000 0.0884844 0.911516
0.00000 0.00122111 0.998779
0.00000 0.0292432 0.970757
0.00000 0.0144480 0.985552
0.00000 0.0256513 0.974349
1.00000 0.539297 0.460703
0.00000 0.00604705 0.993953
0.00000 0.0311776 0.968822
1.00000 0.561300 0.438700
0.00000 0.0347126 0.965287
0.00000 0.0347506 0.965249
1.00000 0.596912 0.403088
0.00000 0.0892968 0.910703
1.00000 0.999693 0.000306783
1.00000 0.629677 0.370323
1.00000 0.631136 0.368864
1.00000 0.630549 0.369451
1.00000 0.533568 0.466432
0.00000 0.150456 0.849544
0.00000 0.00426163 0.995738
0.00000 0.0174340 0.982566
0.00000 0.0238163 0.976184
0.00000 0.00262207 0.997378
0.00000 0.0824480 0.917552
0.00000 0.0724523 0.927548
0.00000 0.0915606 0.908439
0.00000 0.00308576 0.996914
0.00000 0.000150258 0.999850
0.00000 0.0884450 0.911555
0.00000 0.0924341 0.907566
0.00000 0.00464597 0.995354
0.00000 0.0707831 0.929217
0.00000 0.0698002 0.930200
0.00000 0.0111896 0.988810
0.00000 0.0237535 0.976247
1.00000 0.994360 0.00564033
0.00000 0.00297349 0.997027
0.00000 0.121601 0.878399
1.00000 0.994322 0.00567772
0.00000 0.00337483 0.996625
0.00000 0.00571909 0.994281
0.00000 0.000543273 0.999457
0.00000 0.0281064 0.971894
0.00000 0.0528084 0.947192
0.00000 0.000227458 0.999773
0.00000 0.00608392 0.993916
0.00000 0.0343251 0.965675
0.00000 0.0819228 0.918077
0.00000 0.143037 0.856963
0.00000 0.136274 0.863726
0.00000 0.135880 0.864120
0.00000 0.137736 0.862264
0.00000 0.00494383 0.995056
0.00000 0.000148535 0.999851
0.00000 0.0343743 0.965626
0.00000 0.0344119 0.965588
0.00000 0.0714124 0.928588
0.00000 0.000420438 0.999580
0.00000 0.00653256 0.993467
0.00000 1.34309e-05 0.999987
0.00000 0.180271 0.819729
0.00000 3.95880e-12 1.00000
0.00000 0.0423509 0.957649
0.00000 0.326367 0.673633
0.00000 0.111341 0.888659
0.00000 3.66792e-07 1.00000
0.00000 1.14729e-17 1.00000
0.00000 0.111341 0.888659
0.00000 0.00806002 0.991940
0.00000 0.265245 0.734755
0.00000 0.00444573 0.995554
0.00000 0.0547832 0.945217
0.00000 0.0109866 0.989013
0.00000 0.00703283 0.992967
0.00000 0.0776725 0.922327
0.00000 0.369228 0.630772
0.00000 0.0698146 0.930185
0.00000 0.0588477 0.941152
0.00000 0.00760549 0.992395
0.00000 0.356456 0.643544
0.00000 0.285827 0.714173
0.00000 0.300862 0.699138
0.00000 0.0246385 0.975362
0.00000 0.0885940 0.911406
0.00000 0.0860079 0.913992
0.00000 0.0394759 0.960524
0.00000 0.0395189 0.960481
0.00000 0.197075 0.802925
0.00000 0.00315759 0.996842
0.00000 0.276917 0.723083
0.00000 0.00249420 0.997506
0.00000 0.189027 0.810973
0.00000 0.290446 0.709554
0.00000 0.00939876 0.990601
0.00000 0.0174408 0.982559
0.00000 0.00644070 0.993559
0.00000 0.0759592 0.924041
0.00000 0.221625 0.778375
0.00000 0.235666 0.764334
1.00000 0.551681 0.448319
0.00000 0.00252525 0.997475
0.00000 0.216713 0.783287
0.00000 0.00156836 0.998432
0.00000 0.0716678 0.928332
0.00000 0.0251223 0.974878
0.00000 0.314012 0.685988
0.00000 0.264904 0.735096
0.00000 0.000104022 0.999896
0.00000 0.147012 0.852988
0.00000 0.0353945 0.964605
0.00000 0.00344793 0.996552
0.00000 0.00254928 0.997451
1.00000 0.999136 0.000863679
0.00000 0.205561 0.794439
0.00000 0.00104845 0.998952
0.00000 0.333737 0.666263
0.00000 0.00754577 0.992454
0.00000 0.409392 0.590608
0.00000 0.000135583 0.999864
0.00000 0.0114046 0.988595
0.00000 0.00222056 0.997779
0.00000 0.00751853 0.992481
0.00000 0.0333030 0.966697
0.00000 0.202993 0.797007
0.00000 0.0376478 0.962352
0.00000 0.000198281 0.999802
0.00000 0.0400537 0.959946
0.00000 0.0400974 0.959903
0.00000 0.207813 0.792187
0.00000 0.0948794 0.905121
0.00000 0.00460902 0.995391
0.00000 0.193916 0.806084
0.00000 0.0309360 0.969064
0.00000 0.383689 0.616311
0.00000 0.00615470 0.993845
0.00000 0.000898453 0.999102
0.00000 0.0111072 0.988893
0.00000 0.0596910 0.940309
0.00000 0.00442584 0.995574
0.00000 0.0161589 0.983841
0.00000 0.315409 0.684591
1.00000 0.992698 0.00730221
0.00000 0.00453221 0.995468
0.00000 0.188237 0.811763
0.00000 0.0789422 0.921058
0.00000 0.0168858 0.983114
0.00000 0.00469465 0.995305
0.00000 0.169396 0.830604
0.00000 0.399221 0.600779
0.00000 0.0769802 0.923020
0.00000 0.0633194 0.936681
0.00000 0.0639719 0.936028
0.00000 0.0633408 0.936659
0.00000 0.279991 0.720009
0.00000 0.411402 0.588598
0.00000 0.183073 0.816927
0.00000 0.352475 0.647525
0.00000 0.0101055 0.989895
0.00000 0.00625776 0.993742
0.00000 0.104590 0.895410
0.00000 0.327380 0.672620
1.00000 0.991197 0.00880320
0.00000 0.0477875 0.952213
0.00000 0.0184560 0.981544
0.00000 0.116851 0.883149
0.00000 0.0232241 0.976776
0.00000 0.142333 0.857667
0.00000 0.00263769 0.997362
0.00000 0.0201844 0.979816
0.00000 0.0286105 0.971389
0.00000 0.00831144 0.991689
0.00000 0.242416 0.757584
0.00000 0.0808409 0.919159
1.00000 0.607156 0.392844
0.00000 0.00837020 0.991630
0.00000 0.0155623 0.984438
1.00000 0.649892 0.350108
0.00000 0.0953752 0.904625
0.00000 0.125926 0.874074
0.00000 0.477016 0.522984
0.00000 0.0152590 0.984741
0.00000 0.157741 0.842259
0.00000 0.0614687 0.938531
0.00000 0.0614687 0.938531
0.00000 0.193145 0.806855
0.00000 0.0432591 0.956741
0.00000 0.0433060 0.956694
0.00000 0.262703 0.737297
0.00000 0.230974 0.769026
0.00000 0.364202 0.635798
0.00000 0.148991 0.851009
0.00000 0.207813 0.792187
0.00000 0.0791011 0.920899
0.00000 0.0791011 0.920899
0.00000 0.00147233 0.998528
0.00000 1.00766e-10 1.00000
0.00000 0.00528379 0.994716
0.00000 0.0798744 0.920126
0.00000 0.0122238 0.987776
0.00000 0.453677 0.546323
0.00000 0.130873 0.869127
0.00000 0.0206886 0.979311
0.00000 0.0177746 0.982225
0.00000 0.159424 0.840576
0.00000 0.00714943 0.992851
0.00000 7.91701e-05 0.999921
0.00000 0.0350298 0.964970
0.00000 0.00807847 0.991922
0.00000 0.159424 0.840576
0.00000 0.0288454 0.971155
0.00000 0.495039 0.504961
0.00000 0.0263102 0.973690
0.00000 0.493855 0.506145
0.00000 0.0793615 0.920639
0.00000 0.0889862 0.911014
0.00000 0.00743419 0.992566
0.00000 0.0671898 0.932810
0.00000 2.38024e-06 0.999998
0.00000 0.305700 0.694300
0.00000 0.00203072 0.997969
0.00000 0.124998 0.875002
0.00000 0.0708100 0.929190
0.00000 0.0226590 0.977341
0.00000 0.000633138 0.999367
0.00000 0.432412 0.567588
0.00000 0.0170550 0.982945
0.00000 0.337929 0.662071
0.00000 0.348259 0.651741
0.00000 0.0514058 0.948594
0.00000 5.60124e-05 0.999944
0.00000 0.0313881 0.968612
0.00000 0.00585957 0.994140
0.00000 5.75335e-08 1.00000
0.00000 0.000454316 0.999546
0.00000 0.0181186 0.981881
0.00000 0.000619311 0.999381
0.00000 5.81230e-05 0.999942
0.00000 0.00352564 0.996474
0.00000 0.000122331 0.999878
0.00000 0.0451715 0.954828
0.00000 0.0411443 0.958856
0.00000 0.0223010 0.977699
0.00000 0.0975432 0.902457
0.00000 0.000625722 0.999374
0.00000 0.0543201 0.945680
0.00000 0.0720469 0.927953
0.00000 0.0256078 0.974392
0.00000 0.0322582 0.967742
0.00000 0.0503549 0.949645
0.00000 0.0197848 0.980215
0.00000 0.000871079 0.999129
0.00000 0.0136020 0.986398
0.00000 0.00261334 0.997387
0.00000 0.00581581 0.994184
0.00000 0.0273923 0.972608
0.00000 1.41511e-08 1.00000
0.00000 5.98096e-08 1.00000
0.00000 0.0344404 0.965560
0.00000 0.125376 0.874624
0.00000 0.0123591 0.987641
0.00000 1.25184e-06 0.999999
0.00000 0.00613183 0.993868
0.00000 0.129591 0.870409
0.00000 1.85368e-05 0.999981
0.00000 2.34857e-07 1.00000
0.00000 0.0128394 0.987161
0.00000 0.0404165 0.959584
0.00000 0.0404605 0.959540
0.00000 0.0512633 0.948737
0.00000 0.0216104 0.978390
0.00000 0.00491645 0.995084
0.00000 0.127543 0.872457
0.00000 0.0279243 0.972076
0.00000 0.0141808 0.985819
0.00000 0.00102965 0.998970
0.00000 0.0419744 0.958026
0.00000 0.0419744 0.958026
0.00000 0.000156079 0.999844
0.00000 0.000232407 0.999768
0.00000 0.000116105 0.999884
0.00000 7.23072e-06 0.999993
0.00000 0.000446143 0.999554
0.00000 8.80119e-08 1.00000
0.00000 0.0578281 0.942172
0.00000 0.0170197 0.982980
0.00000 0.000602004 0.999398
0.00000 0.000198348 0.999802
0.00000 0.0363426 0.963657
0.00000 0.0931676 0.906832
0.00000 0.000508695 0.999491
0.00000 0.00569069 0.994309
0.00000 0.00134346 0.998657
0.00000 0.000208904 0.999791
0.00000 0.000153650 0.999846
0.00000 0.000387738 0.999612
0.00000 0.00108006 0.998920
0.00000 0.00783215 0.992168
0.00000 0.364327 0.635673
0.00000 0.0271824 0.972818
0.00000 0.0682151 0.931785
0.00000 0.00136642 0.998634
